latitude=25.268624
longitude=87.015791
